[gd_scene load_steps=31 format=3 uid="uid://cpgqxbjmht88e"]

[ext_resource type="Script" path="res://Scripts/Player.gd" id="1_1mcnt"]
[ext_resource type="Texture2D" uid="uid://cfompwfajwk4x" path="res://Textures/terrain.jpg" id="1_x33ag"]
[ext_resource type="PackedScene" uid="uid://6ibkkraxs7dh" path="res://Models/Crypt/Crypt.tscn" id="3_k0uyq"]
[ext_resource type="PackedScene" uid="uid://bnmky04awrjml" path="res://Models/Road/Road.tscn" id="4_qismf"]
[ext_resource type="PackedScene" uid="uid://u8hemldtgt57" path="res://Models/BrickWall/brick_wall_end.tscn" id="5_mqs4x"]
[ext_resource type="PackedScene" uid="uid://bluy4ycljr8h5" path="res://Models/Decorations/pumpkin_carved_dec.tscn" id="6_meyah"]
[ext_resource type="PackedScene" uid="uid://bde6pgiek8s5g" path="res://Models/BrickWall/brick_wall.tscn" id="6_vait2"]
[ext_resource type="PackedScene" uid="uid://bgbtbkkir488s" path="res://Models/Graves/Grave.tscn" id="7_yxuua"]
[ext_resource type="PackedScene" uid="uid://fst7lpimbcs8" path="res://Models/Graves/GravestoneBevel.tscn" id="8_xsaud"]
[ext_resource type="PackedScene" uid="uid://dncd21dsrgp5v" path="res://Models/Graves/GravestoneBroken.tscn" id="9_s8beu"]
[ext_resource type="PackedScene" uid="uid://c7uuusxidq7gq" path="res://Models/IronFence/IronFence.tscn" id="10_xg3te"]
[ext_resource type="PackedScene" uid="uid://begshuj1hebe0" path="res://Models/IronFence/IronfenceDamaged.tscn" id="11_uls0b"]
[ext_resource type="PackedScene" uid="uid://ew50ei577y8c" path="res://Models/Graves/GravestoneCross.tscn" id="12_herkv"]
[ext_resource type="PackedScene" uid="uid://dqbi2isptivxl" path="res://Models/Graves/GravestoneCrossLarge.tscn" id="13_s16g3"]
[ext_resource type="PackedScene" uid="uid://cetbxmfviqxe1" path="res://Models/Light/Lightpost.tscn" id="14_3e823"]
[ext_resource type="PackedScene" uid="uid://dfhk8voo26lrt" path="res://Models/BrickWall/brick_wall1.tscn" id="14_bh2l7"]
[ext_resource type="PackedScene" uid="uid://djkwagfr11qbb" path="res://Models/Graves/Coffin.tscn" id="14_sgc4l"]
[ext_resource type="PackedScene" uid="uid://tccjai38v8g1" path="res://Models/Decorations/bench_dec.tscn" id="15_3g0jb"]
[ext_resource type="PackedScene" uid="uid://o8fad0v70syk" path="res://Models/BrickWall/brick_wall_end1.tscn" id="15_ysl4g"]
[ext_resource type="PackedScene" uid="uid://dsc6yq6mfbvet" path="res://Models/Trees/pine_not_crooked.tscn" id="17_70bh8"]
[ext_resource type="PackedScene" uid="uid://dd52clg2cqxf6" path="res://Models/Trees/pine.tscn" id="18_t3j8h"]
[ext_resource type="PackedScene" uid="uid://cjjs3qtbvgvac" path="res://Models/Trees/pine_crooked.tscn" id="19_c33s8"]
[ext_resource type="PackedScene" uid="uid://bjt637xgdta41" path="res://Models/Trees/pine_crooked_decoration.tscn" id="20_crpa8"]

[sub_resource type="ProceduralSkyMaterial" id="ProceduralSkyMaterial_c257p"]
sky_horizon_color = Color(0.64625, 0.65575, 0.67075, 1)
ground_horizon_color = Color(0.64625, 0.65575, 0.67075, 1)

[sub_resource type="Sky" id="Sky_yxp77"]
sky_material = SubResource("ProceduralSkyMaterial_c257p")

[sub_resource type="Environment" id="Environment_orts1"]
background_mode = 2
sky = SubResource("Sky_yxp77")
tonemap_mode = 2
glow_enabled = true
volumetric_fog_enabled = true
volumetric_fog_density = 0.0
volumetric_fog_albedo = Color(1, 0.266667, 0.258824, 1)
volumetric_fog_emission = Color(1, 0.682353, 0.635294, 1)

[sub_resource type="StandardMaterial3D" id="StandardMaterial3D_kbv2b"]
albedo_texture = ExtResource("1_x33ag")
uv1_triplanar = true

[sub_resource type="CapsuleMesh" id="CapsuleMesh_o1k7n"]

[sub_resource type="ConvexPolygonShape3D" id="ConvexPolygonShape3D_t53ut"]
points = PackedVector3Array(-0.125207, -0.532801, -0.480507, 0.0227831, 0.47607, 0.498884, 0.169713, 0.559144, 0.464172, 0.231051, -0.803591, 0.320455, 0.40741, 0.651043, -0.243523, -0.482789, 0.594843, 0.0822132, -0.362868, -0.682312, 0.289697, 0.469044, -0.654529, -0.0662713, -0.127444, 0.842701, -0.338103, -0.393435, -0.683942, -0.244717, 0.438255, 0.623309, 0.200849, 0.0841477, 0.977454, 0.114795, -0.0682023, -0.976458, -0.12927, 0.20055, -0.563129, -0.451454, -0.185527, 0.595453, -0.453475, -0.273363, 0.592268, 0.407754, -0.00693649, -0.476823, 0.49966, 0.375821, -0.588614, 0.316955, 0.111579, 0.563059, -0.481177, -0.41725, 0.527866, -0.270497, -0.484546, -0.596972, -0.0665097, -0.279747, 0.908561, 0.0533361, -0.250197, -0.880712, 0.205319, 0.263647, -0.902771, -0.127394, 0.293368, 0.871526, -0.157196, 0.373412, -0.526319, -0.328246, 0.499663, 0.476641, -0.00688856, 0.0531056, 0.875001, 0.324703, -0.154543, -0.590854, 0.465879, -0.0972799, -0.782358, -0.398188, -0.387649, -0.498171, 0.31565, -0.30068, -0.587995, -0.388901)

[sub_resource type="StandardMaterial3D" id="StandardMaterial3D_f8i0x"]
albedo_color = Color(1, 0.462745, 0.34902, 1)
emission_enabled = true
emission = Color(1, 0.462745, 0.34902, 1)
emission_energy_multiplier = 3.0

[node name="World" type="Node3D"]

[node name="WorldEnvironment" type="WorldEnvironment" parent="."]
environment = SubResource("Environment_orts1")

[node name="DirectionalLight3D" type="DirectionalLight3D" parent="."]
transform = Transform3D(-0.603208, -0.430887, 0.671175, 0, 0.841511, 0.54024, -0.797584, 0.325877, -0.507606, 0, 0, 0)
shadow_enabled = true

[node name="Map" type="Node3D" parent="."]

[node name="CSGBox3D" type="CSGBox3D" parent="Map"]
material_override = SubResource("StandardMaterial3D_kbv2b")
use_collision = true
size = Vector3(100, 0.002, 100)

[node name="Player" type="CharacterBody3D" parent="Map"]
transform = Transform3D(-0.99559, 0, -0.0938129, 0, 1, 0, 0.0938129, 0, -0.99559, -2.21697, 0, 2.7585)
floor_max_angle = 1.0472
script = ExtResource("1_1mcnt")

[node name="MeshInstance3D" type="MeshInstance3D" parent="Map/Player"]
transform = Transform3D(1, 0, 0, 0, 1, 0, 0, 0, 1, 0, 1, 0)
mesh = SubResource("CapsuleMesh_o1k7n")

[node name="CollisionShape3D" type="CollisionShape3D" parent="Map/Player"]
transform = Transform3D(1, 0, 0, 0, 1, 0, 0, 0, 1, 0, 1, 0)
shape = SubResource("ConvexPolygonShape3D_t53ut")

[node name="Head" type="Node3D" parent="Map/Player"]
transform = Transform3D(1, 0, 0, 0, 1, 0, 0, 0, 1, 0, 1.60157, 0)

[node name="Camera3D" type="Camera3D" parent="Map/Player/Head"]
transform = Transform3D(-0.258819, 0, -0.965926, 0, 1, 0, 0.965926, 0, -0.258819, 0, 0, 0)

[node name="Road" type="Node3D" parent="Map"]

[node name="road" parent="Map/Road" instance=ExtResource("4_qismf")]
transform = Transform3D(1, 0, 0, 0, 1, 0, 0, 0, 1, -6.08405, 0, 0)

[node name="road2" parent="Map/Road" instance=ExtResource("4_qismf")]
transform = Transform3D(1, 0, 0, 0, 1, 0, 0, 0, 1, -5.54575, 0, 0)

[node name="road3" parent="Map/Road" instance=ExtResource("4_qismf")]
transform = Transform3D(1, 0, 0, 0, 1, 0, 0, 0, 1, -4.90843, 0, 0)

[node name="road4" parent="Map/Road" instance=ExtResource("4_qismf")]
transform = Transform3D(1, 0, 0, 0, 1, 0, 0, 0, 1, -4.29024, 0, 0)

[node name="road5" parent="Map/Road" instance=ExtResource("4_qismf")]
transform = Transform3D(1, 0, 0, 0, 1, 0, 0, 0, 1, -3.73634, 0, 0)

[node name="road7" parent="Map/Road" instance=ExtResource("4_qismf")]
transform = Transform3D(1, 0, 0, 0, 1, 0, 0, 0, 1, -3.73634, 0, 0.615019)

[node name="road8" parent="Map/Road" instance=ExtResource("4_qismf")]
transform = Transform3D(1, 0, 0, 0, 1, 0, 0, 0, 1, -3.73634, 0, 1.06344)

[node name="road9" parent="Map/Road" instance=ExtResource("4_qismf")]
transform = Transform3D(1, 0, 0, 0, 1, 0, 0, 0, 1, -3.73634, 0, 1.7683)

[node name="road10" parent="Map/Road" instance=ExtResource("4_qismf")]
transform = Transform3D(1, 0, 0, 0, 1, 0, 0, 0, 1, -3.73634, 0, 2.45677)

[node name="road11" parent="Map/Road" instance=ExtResource("4_qismf")]
transform = Transform3D(1, 0, 0, 0, 1, 0, 0, 0, 1, -3.73634, 0, 3.171)

[node name="road12" parent="Map/Road" instance=ExtResource("4_qismf")]
transform = Transform3D(1, 0, 0, 0, 1, 0, 0, 0, 1, -3.73634, 0, 3.79156)

[node name="road13" parent="Map/Road" instance=ExtResource("4_qismf")]
transform = Transform3D(1, 0, 0, 0, 1, 0, 0, 0, 1, -3.73634, 0, 4.45875)

[node name="road14" parent="Map/Road" instance=ExtResource("4_qismf")]
transform = Transform3D(1, 0, 0, 0, 1, 0, 0, 0, 1, -3.73634, 0, 5.07448)

[node name="road15" parent="Map/Road" instance=ExtResource("4_qismf")]
transform = Transform3D(1, 0, 0, 0, 1, 0, 0, 0, 1, -3.73634, 0, 5.7697)

[node name="road16" parent="Map/Road" instance=ExtResource("4_qismf")]
transform = Transform3D(1, 0, 0, 0, 1, 0, 0, 0, 1, -3.73634, 0, 6.4901)

[node name="road17" parent="Map/Road" instance=ExtResource("4_qismf")]
transform = Transform3D(1, 0, 0, 0, 1, 0, 0, 0, 1, -3.73634, 0, 7.16977)

[node name="road18" parent="Map/Road" instance=ExtResource("4_qismf")]
transform = Transform3D(1, 0, 0, 0, 1, 0, 0, 0, 1, -3.73634, 0, 7.7693)

[node name="road19" parent="Map/Road" instance=ExtResource("4_qismf")]
transform = Transform3D(1, 0, 0, 0, 1, 0, 0, 0, 1, -3.73634, 0, 8.40068)

[node name="road20" parent="Map/Road" instance=ExtResource("4_qismf")]
transform = Transform3D(1, 0, 0, 0, 1, 0, 0, 0, 1, -3.73634, 0, 9.07201)

[node name="road21" parent="Map/Road" instance=ExtResource("4_qismf")]
transform = Transform3D(1, 0, 0, 0, 1, 0, 0, 0, 1, -3.73634, 0, 9.7079)

[node name="road22" parent="Map/Road" instance=ExtResource("4_qismf")]
transform = Transform3D(1, 0, 0, 0, 1, 0, 0, 0, 1, -3.73634, 0, 10.3662)

[node name="road23" parent="Map/Road" instance=ExtResource("4_qismf")]
transform = Transform3D(1, 0, 0, 0, 1, 0, 0, 0, 1, -3.73634, 0, 11.0207)

[node name="road24" parent="Map/Road" instance=ExtResource("4_qismf")]
transform = Transform3D(1, 0, 0, 0, 1, 0, 0, 0, 1, -3.73634, 0, 11.7134)

[node name="road25" parent="Map/Road" instance=ExtResource("4_qismf")]
transform = Transform3D(1, 0, 0, 0, 1, 0, 0, 0, 1, -3.73634, 0, 12.4076)

[node name="road26" parent="Map/Road" instance=ExtResource("4_qismf")]
transform = Transform3D(1, 0, 0, 0, 1, 0, 0, 0, 1, -3.73634, 0, 13.1699)

[node name="road92" parent="Map/Road" instance=ExtResource("4_qismf")]
transform = Transform3D(1, 0, 0, 0, 1, 0, 0, 0, 1, -3.73634, 0, -13.2154)

[node name="road93" parent="Map/Road" instance=ExtResource("4_qismf")]
transform = Transform3D(1, 0, 0, 0, 1, 0, 0, 0, 1, -3.73634, 0, -12.767)

[node name="road94" parent="Map/Road" instance=ExtResource("4_qismf")]
transform = Transform3D(1, 0, 0, 0, 1, 0, 0, 0, 1, -3.73634, 0, -12.0622)

[node name="road95" parent="Map/Road" instance=ExtResource("4_qismf")]
transform = Transform3D(1, 0, 0, 0, 1, 0, 0, 0, 1, -3.73634, 0, -11.3737)

[node name="road96" parent="Map/Road" instance=ExtResource("4_qismf")]
transform = Transform3D(1, 0, 0, 0, 1, 0, 0, 0, 1, -3.73634, 0, -10.6595)

[node name="road97" parent="Map/Road" instance=ExtResource("4_qismf")]
transform = Transform3D(1, 0, 0, 0, 1, 0, 0, 0, 1, -3.73634, 0, -10.0389)

[node name="road98" parent="Map/Road" instance=ExtResource("4_qismf")]
transform = Transform3D(1, 0, 0, 0, 1, 0, 0, 0, 1, -3.73634, 0, -9.3717)

[node name="road99" parent="Map/Road" instance=ExtResource("4_qismf")]
transform = Transform3D(1, 0, 0, 0, 1, 0, 0, 0, 1, -3.73634, 0, -8.75598)

[node name="road100" parent="Map/Road" instance=ExtResource("4_qismf")]
transform = Transform3D(1, 0, 0, 0, 1, 0, 0, 0, 1, -3.73634, 0, -8.06076)

[node name="road101" parent="Map/Road" instance=ExtResource("4_qismf")]
transform = Transform3D(1, 0, 0, 0, 1, 0, 0, 0, 1, -3.73634, 0, -7.34036)

[node name="road102" parent="Map/Road" instance=ExtResource("4_qismf")]
transform = Transform3D(1, 0, 0, 0, 1, 0, 0, 0, 1, -3.73634, 0, -6.66069)

[node name="road103" parent="Map/Road" instance=ExtResource("4_qismf")]
transform = Transform3D(1, 0, 0, 0, 1, 0, 0, 0, 1, -3.73634, 0, -6.06116)

[node name="road104" parent="Map/Road" instance=ExtResource("4_qismf")]
transform = Transform3D(1, 0, 0, 0, 1, 0, 0, 0, 1, -3.73634, 0, -5.42978)

[node name="road105" parent="Map/Road" instance=ExtResource("4_qismf")]
transform = Transform3D(1, 0, 0, 0, 1, 0, 0, 0, 1, -3.73634, 0, -4.75844)

[node name="road106" parent="Map/Road" instance=ExtResource("4_qismf")]
transform = Transform3D(1, 0, 0, 0, 1, 0, 0, 0, 1, -3.73634, 0, -4.12256)

[node name="road107" parent="Map/Road" instance=ExtResource("4_qismf")]
transform = Transform3D(1, 0, 0, 0, 1, 0, 0, 0, 1, -3.73634, 0, -3.46422)

[node name="road108" parent="Map/Road" instance=ExtResource("4_qismf")]
transform = Transform3D(1, 0, 0, 0, 1, 0, 0, 0, 1, -3.73634, 0, -2.80977)

[node name="road109" parent="Map/Road" instance=ExtResource("4_qismf")]
transform = Transform3D(1, 0, 0, 0, 1, 0, 0, 0, 1, -3.73634, 0, -2.11703)

[node name="road110" parent="Map/Road" instance=ExtResource("4_qismf")]
transform = Transform3D(1, 0, 0, 0, 1, 0, 0, 0, 1, -3.73634, 0, -1.42281)

[node name="road111" parent="Map/Road" instance=ExtResource("4_qismf")]
transform = Transform3D(1, 0, 0, 0, 1, 0, 0, 0, 1, -3.73634, 0, -0.660593)

[node name="road52" parent="Map/Road" instance=ExtResource("4_qismf")]
transform = Transform3D(1, 0, 0, 0, 1, 0, 0, 0, 1, -18.858, 0, 13.2785)

[node name="road53" parent="Map/Road" instance=ExtResource("4_qismf")]
transform = Transform3D(1, 0, 0, 0, 1, 0, 0, 0, 1, -18.858, 0, 12.6182)

[node name="road54" parent="Map/Road" instance=ExtResource("4_qismf")]
transform = Transform3D(1, 0, 0, 0, 1, 0, 0, 0, 1, -18.858, 0, 11.9854)

[node name="road55" parent="Map/Road" instance=ExtResource("4_qismf")]
transform = Transform3D(1, 0, 0, 0, 1, 0, 0, 0, 1, -18.858, 0, 11.3894)

[node name="road56" parent="Map/Road" instance=ExtResource("4_qismf")]
transform = Transform3D(1, 0, 0, 0, 1, 0, 0, 0, 1, -18.858, 0, 10.8227)

[node name="road57" parent="Map/Road" instance=ExtResource("4_qismf")]
transform = Transform3D(1, 0, 0, 0, 1, 0, 0, 0, 1, -18.858, 0, 10.1829)

[node name="road58" parent="Map/Road" instance=ExtResource("4_qismf")]
transform = Transform3D(1, 0, 0, 0, 1, 0, 0, 0, 1, -18.858, 0, 9.62532)

[node name="road59" parent="Map/Road" instance=ExtResource("4_qismf")]
transform = Transform3D(1, 0, 0, 0, 1, 0, 0, 0, 1, -18.858, 0, 9.00636)

[node name="road60" parent="Map/Road" instance=ExtResource("4_qismf")]
transform = Transform3D(1, 0, 0, 0, 1, 0, 0, 0, 1, -18.858, 0, 8.35394)

[node name="road61" parent="Map/Road" instance=ExtResource("4_qismf")]
transform = Transform3D(1, 0, 0, 0, 1, 0, 0, 0, 1, -18.858, 0, 7.69369)

[node name="road62" parent="Map/Road" instance=ExtResource("4_qismf")]
transform = Transform3D(1, 0, 0, 0, 1, 0, 0, 0, 1, -18.858, 0, 7.06087)

[node name="road63" parent="Map/Road" instance=ExtResource("4_qismf")]
transform = Transform3D(1, 0, 0, 0, 1, 0, 0, 0, 1, -18.858, 0, 6.46485)

[node name="road64" parent="Map/Road" instance=ExtResource("4_qismf")]
transform = Transform3D(1, 0, 0, 0, 1, 0, 0, 0, 1, -18.858, 0, 5.89817)

[node name="road65" parent="Map/Road" instance=ExtResource("4_qismf")]
transform = Transform3D(1, 0, 0, 0, 1, 0, 0, 0, 1, -18.858, 0, 5.25839)

[node name="road66" parent="Map/Road" instance=ExtResource("4_qismf")]
transform = Transform3D(1, 0, 0, 0, 1, 0, 0, 0, 1, -18.858, 0, 4.70076)

[node name="road67" parent="Map/Road" instance=ExtResource("4_qismf")]
transform = Transform3D(1, 0, 0, 0, 1, 0, 0, 0, 1, -18.858, 0, 4.0818)

[node name="road68" parent="Map/Road" instance=ExtResource("4_qismf")]
transform = Transform3D(1, 0, 0, 0, 1, 0, 0, 0, 1, -18.858, 0, 3.31687)

[node name="road69" parent="Map/Road" instance=ExtResource("4_qismf")]
transform = Transform3D(1, 0, 0, 0, 1, 0, 0, 0, 1, -18.858, 0, 2.65662)

[node name="road70" parent="Map/Road" instance=ExtResource("4_qismf")]
transform = Transform3D(1, 0, 0, 0, 1, 0, 0, 0, 1, -18.858, 0, 2.0238)

[node name="road71" parent="Map/Road" instance=ExtResource("4_qismf")]
transform = Transform3D(1, 0, 0, 0, 1, 0, 0, 0, 1, -18.858, 0, 1.42778)

[node name="road72" parent="Map/Road" instance=ExtResource("4_qismf")]
transform = Transform3D(1, 0, 0, 0, 1, 0, 0, 0, 1, -18.858, 0, 0.861105)

[node name="road73" parent="Map/Road" instance=ExtResource("4_qismf")]
transform = Transform3D(1, 0, 0, 0, 1, 0, 0, 0, 1, -18.858, 0, 0.221323)

[node name="road74" parent="Map/Road" instance=ExtResource("4_qismf")]
transform = Transform3D(1, 0, 0, 0, 1, 0, 0, 0, 1, -18.858, 0, -0.336308)

[node name="road75" parent="Map/Road" instance=ExtResource("4_qismf")]
transform = Transform3D(1, 0, 0, 0, 1, 0, 0, 0, 1, -18.858, 0, -0.955268)

[node name="road76" parent="Map/Road" instance=ExtResource("4_qismf")]
transform = Transform3D(1, 0, 0, 0, 1, 0, 0, 0, 1, -18.858, 0, -1.40877)

[node name="road77" parent="Map/Road" instance=ExtResource("4_qismf")]
transform = Transform3D(1, 0, 0, 0, 1, 0, 0, 0, 1, -18.858, 0, -2.06901)

[node name="road78" parent="Map/Road" instance=ExtResource("4_qismf")]
transform = Transform3D(1, 0, 0, 0, 1, 0, 0, 0, 1, -18.858, 0, -2.70184)

[node name="road79" parent="Map/Road" instance=ExtResource("4_qismf")]
transform = Transform3D(1, 0, 0, 0, 1, 0, 0, 0, 1, -18.858, 0, -3.29786)

[node name="road80" parent="Map/Road" instance=ExtResource("4_qismf")]
transform = Transform3D(1, 0, 0, 0, 1, 0, 0, 0, 1, -18.858, 0, -3.86453)

[node name="road81" parent="Map/Road" instance=ExtResource("4_qismf")]
transform = Transform3D(1, 0, 0, 0, 1, 0, 0, 0, 1, -18.858, 0, -4.50431)

[node name="road82" parent="Map/Road" instance=ExtResource("4_qismf")]
transform = Transform3D(1, 0, 0, 0, 1, 0, 0, 0, 1, -18.858, 0, -5.06194)

[node name="road83" parent="Map/Road" instance=ExtResource("4_qismf")]
transform = Transform3D(1, 0, 0, 0, 1, 0, 0, 0, 1, -18.858, 0, -5.6809)

[node name="road84" parent="Map/Road" instance=ExtResource("4_qismf")]
transform = Transform3D(1, 0, 0, 0, 1, 0, 0, 0, 1, -18.858, 0, -6.4697)

[node name="road85" parent="Map/Road" instance=ExtResource("4_qismf")]
transform = Transform3D(1, 0, 0, 0, 1, 0, 0, 0, 1, -18.858, 0, -7.12995)

[node name="road86" parent="Map/Road" instance=ExtResource("4_qismf")]
transform = Transform3D(1, 0, 0, 0, 1, 0, 0, 0, 1, -18.858, 0, -7.76277)

[node name="road87" parent="Map/Road" instance=ExtResource("4_qismf")]
transform = Transform3D(1, 0, 0, 0, 1, 0, 0, 0, 1, -18.858, 0, -8.35879)

[node name="road88" parent="Map/Road" instance=ExtResource("4_qismf")]
transform = Transform3D(1, 0, 0, 0, 1, 0, 0, 0, 1, -18.858, 0, -8.92546)

[node name="road89" parent="Map/Road" instance=ExtResource("4_qismf")]
transform = Transform3D(1, 0, 0, 0, 1, 0, 0, 0, 1, -18.858, 0, -9.56524)

[node name="road90" parent="Map/Road" instance=ExtResource("4_qismf")]
transform = Transform3D(1, 0, 0, 0, 1, 0, 0, 0, 1, -18.858, 0, -10.1229)

[node name="road91" parent="Map/Road" instance=ExtResource("4_qismf")]
transform = Transform3D(1, 0, 0, 0, 1, 0, 0, 0, 1, -18.858, 0, -10.7418)

[node name="road135" parent="Map/Road" instance=ExtResource("4_qismf")]
transform = Transform3D(1, 0, 0, 0, 1, 0, 0, 0, 1, -18.858, 0, -11.3941)

[node name="road136" parent="Map/Road" instance=ExtResource("4_qismf")]
transform = Transform3D(1, 0, 0, 0, 1, 0, 0, 0, 1, -18.858, 0, -12.0128)

[node name="road137" parent="Map/Road" instance=ExtResource("4_qismf")]
transform = Transform3D(1, 0, 0, 0, 1, 0, 0, 0, 1, -18.858, 0, -12.5581)

[node name="road138" parent="Map/Road" instance=ExtResource("4_qismf")]
transform = Transform3D(1, 0, 0, 0, 1, 0, 0, 0, 1, -18.858, 0, -13.2135)

[node name="road27" parent="Map/Road" instance=ExtResource("4_qismf")]
transform = Transform3D(1, 0, 0, 0, 1, 0, 0, 0, 1, -3.62012, 0, 13.949)

[node name="road28" parent="Map/Road" instance=ExtResource("4_qismf")]
transform = Transform3D(0.0510461, 0, 0.998696, 0, 1, 0, -0.998696, 0, 0.0510461, -4.26189, 0, 13.949)

[node name="road29" parent="Map/Road" instance=ExtResource("4_qismf")]
transform = Transform3D(0.0510461, 0, 0.998696, 0, 1, 0, -0.998696, 0, 0.0510461, -4.91533, 0, 13.949)

[node name="road30" parent="Map/Road" instance=ExtResource("4_qismf")]
transform = Transform3D(0.0510461, 0, 0.998696, 0, 1, 0, -0.998696, 0, 0.0510461, -5.63085, 0, 13.949)

[node name="road31" parent="Map/Road" instance=ExtResource("4_qismf")]
transform = Transform3D(0.0510461, 0, 0.998696, 0, 1, 0, -0.998696, 0, 0.0510461, -6.23318, 0, 13.949)

[node name="road32" parent="Map/Road" instance=ExtResource("4_qismf")]
transform = Transform3D(0.0510461, 0, 0.998696, 0, 1, 0, -0.998696, 0, 0.0510461, -6.8392, 0, 13.949)

[node name="road33" parent="Map/Road" instance=ExtResource("4_qismf")]
transform = Transform3D(0.0510461, 0, 0.998696, 0, 1, 0, -0.998696, 0, 0.0510461, -7.50994, 0, 13.949)

[node name="road34" parent="Map/Road" instance=ExtResource("4_qismf")]
transform = Transform3D(0.0510461, 0, 0.998696, 0, 1, 0, -0.998696, 0, 0.0510461, -8.29412, 0, 13.949)

[node name="road35" parent="Map/Road" instance=ExtResource("4_qismf")]
transform = Transform3D(0.0510461, 0, 0.998696, 0, 1, 0, -0.998696, 0, 0.0510461, -8.82955, 0, 13.949)

[node name="road36" parent="Map/Road" instance=ExtResource("4_qismf")]
transform = Transform3D(0.0510461, 0, 0.998696, 0, 1, 0, -0.998696, 0, 0.0510461, -9.47083, 0, 13.949)

[node name="road37" parent="Map/Road" instance=ExtResource("4_qismf")]
transform = Transform3D(0.0510461, 0, 0.998696, 0, 1, 0, -0.998696, 0, 0.0510461, -10.0991, 0, 13.949)

[node name="road38" parent="Map/Road" instance=ExtResource("4_qismf")]
transform = Transform3D(0.0510461, 0, 0.998696, 0, 1, 0, -0.998696, 0, 0.0510461, -10.8089, 0, 13.949)

[node name="road39" parent="Map/Road" instance=ExtResource("4_qismf")]
transform = Transform3D(0.0510461, 0, 0.998696, 0, 1, 0, -0.998696, 0, 0.0510461, -11.4655, 0, 13.949)

[node name="road40" parent="Map/Road" instance=ExtResource("4_qismf")]
transform = Transform3D(0.0510461, 0, 0.998696, 0, 1, 0, -0.998696, 0, 0.0510461, -12.0804, 0, 13.949)

[node name="road41" parent="Map/Road" instance=ExtResource("4_qismf")]
transform = Transform3D(0.0510461, 0, 0.998696, 0, 1, 0, -0.998696, 0, 0.0510461, -12.7972, 0, 13.949)

[node name="road42" parent="Map/Road" instance=ExtResource("4_qismf")]
transform = Transform3D(0.0510461, 0, 0.998696, 0, 1, 0, -0.998696, 0, 0.0510461, -13.5188, 0, 13.949)

[node name="road43" parent="Map/Road" instance=ExtResource("4_qismf")]
transform = Transform3D(0.0510461, 0, 0.998696, 0, 1, 0, -0.998696, 0, 0.0510461, -14.1933, 0, 13.949)

[node name="road44" parent="Map/Road" instance=ExtResource("4_qismf")]
transform = Transform3D(0.0510461, 0, 0.998696, 0, 1, 0, -0.998696, 0, 0.0510461, -14.8485, 0, 13.949)

[node name="road45" parent="Map/Road" instance=ExtResource("4_qismf")]
transform = Transform3D(0.0510461, 0, 0.998696, 0, 1, 0, -0.998696, 0, 0.0510461, -15.3017, 0, 13.949)

[node name="road46" parent="Map/Road" instance=ExtResource("4_qismf")]
transform = Transform3D(0.0510461, 0, 0.998696, 0, 1, 0, -0.998696, 0, 0.0510461, -16.0169, 0, 13.949)

[node name="road47" parent="Map/Road" instance=ExtResource("4_qismf")]
transform = Transform3D(0.0510461, 0, 0.998696, 0, 1, 0, -0.998696, 0, 0.0510461, -16.5287, 0, 13.949)

[node name="road48" parent="Map/Road" instance=ExtResource("4_qismf")]
transform = Transform3D(0.0510461, 0, 0.998696, 0, 1, 0, -0.998696, 0, 0.0510461, -17.0861, 0, 13.949)

[node name="road49" parent="Map/Road" instance=ExtResource("4_qismf")]
transform = Transform3D(0.0510461, 0, 0.998696, 0, 1, 0, -0.998696, 0, 0.0510461, -17.6273, 0, 13.949)

[node name="road50" parent="Map/Road" instance=ExtResource("4_qismf")]
transform = Transform3D(0.0510461, 0, 0.998696, 0, 1, 0, -0.998696, 0, 0.0510461, -18.2589, 0, 13.949)

[node name="road112" parent="Map/Road" instance=ExtResource("4_qismf")]
transform = Transform3D(0.0510461, 0, 0.998696, 0, 1, 0, -0.998696, 0, 0.0510461, -4.26189, 0, -13.2259)

[node name="road113" parent="Map/Road" instance=ExtResource("4_qismf")]
transform = Transform3D(0.0510461, 0, 0.998696, 0, 1, 0, -0.998696, 0, 0.0510461, -4.91533, 0, -13.2259)

[node name="road114" parent="Map/Road" instance=ExtResource("4_qismf")]
transform = Transform3D(0.0510461, 0, 0.998696, 0, 1, 0, -0.998696, 0, 0.0510461, -5.63085, 0, -13.2259)

[node name="road115" parent="Map/Road" instance=ExtResource("4_qismf")]
transform = Transform3D(0.0510461, 0, 0.998696, 0, 1, 0, -0.998696, 0, 0.0510461, -6.23318, 0, -13.2259)

[node name="road116" parent="Map/Road" instance=ExtResource("4_qismf")]
transform = Transform3D(0.0510461, 0, 0.998696, 0, 1, 0, -0.998696, 0, 0.0510461, -6.8392, 0, -13.2259)

[node name="road117" parent="Map/Road" instance=ExtResource("4_qismf")]
transform = Transform3D(0.0510461, 0, 0.998696, 0, 1, 0, -0.998696, 0, 0.0510461, -7.50994, 0, -13.2259)

[node name="road118" parent="Map/Road" instance=ExtResource("4_qismf")]
transform = Transform3D(0.0510461, 0, 0.998696, 0, 1, 0, -0.998696, 0, 0.0510461, -8.29412, 0, -13.2259)

[node name="road119" parent="Map/Road" instance=ExtResource("4_qismf")]
transform = Transform3D(0.0510461, 0, 0.998696, 0, 1, 0, -0.998696, 0, 0.0510461, -8.82955, 0, -13.2259)

[node name="road120" parent="Map/Road" instance=ExtResource("4_qismf")]
transform = Transform3D(0.0510461, 0, 0.998696, 0, 1, 0, -0.998696, 0, 0.0510461, -9.47083, 0, -13.2259)

[node name="road121" parent="Map/Road" instance=ExtResource("4_qismf")]
transform = Transform3D(0.0510461, 0, 0.998696, 0, 1, 0, -0.998696, 0, 0.0510461, -10.0991, 0, -13.2259)

[node name="road122" parent="Map/Road" instance=ExtResource("4_qismf")]
transform = Transform3D(0.0510461, 0, 0.998696, 0, 1, 0, -0.998696, 0, 0.0510461, -10.8089, 0, -13.2259)

[node name="road123" parent="Map/Road" instance=ExtResource("4_qismf")]
transform = Transform3D(0.0510461, 0, 0.998696, 0, 1, 0, -0.998696, 0, 0.0510461, -11.4655, 0, -13.2259)

[node name="road124" parent="Map/Road" instance=ExtResource("4_qismf")]
transform = Transform3D(0.0510461, 0, 0.998696, 0, 1, 0, -0.998696, 0, 0.0510461, -12.0804, 0, -13.2259)

[node name="road125" parent="Map/Road" instance=ExtResource("4_qismf")]
transform = Transform3D(0.0510461, 0, 0.998696, 0, 1, 0, -0.998696, 0, 0.0510461, -12.7972, 0, -13.2259)

[node name="road126" parent="Map/Road" instance=ExtResource("4_qismf")]
transform = Transform3D(0.0510461, 0, 0.998696, 0, 1, 0, -0.998696, 0, 0.0510461, -13.5188, 0, -13.2259)

[node name="road127" parent="Map/Road" instance=ExtResource("4_qismf")]
transform = Transform3D(0.0510461, 0, 0.998696, 0, 1, 0, -0.998696, 0, 0.0510461, -14.1933, 0, -13.2259)

[node name="road128" parent="Map/Road" instance=ExtResource("4_qismf")]
transform = Transform3D(0.0510461, 0, 0.998696, 0, 1, 0, -0.998696, 0, 0.0510461, -14.8485, 0, -13.2259)

[node name="road129" parent="Map/Road" instance=ExtResource("4_qismf")]
transform = Transform3D(0.0510461, 0, 0.998696, 0, 1, 0, -0.998696, 0, 0.0510461, -15.3017, 0, -13.2259)

[node name="road130" parent="Map/Road" instance=ExtResource("4_qismf")]
transform = Transform3D(0.0510461, 0, 0.998696, 0, 1, 0, -0.998696, 0, 0.0510461, -16.0169, 0, -13.2259)

[node name="road131" parent="Map/Road" instance=ExtResource("4_qismf")]
transform = Transform3D(0.0510461, 0, 0.998696, 0, 1, 0, -0.998696, 0, 0.0510461, -16.5287, 0, -13.2259)

[node name="road132" parent="Map/Road" instance=ExtResource("4_qismf")]
transform = Transform3D(0.0510461, 0, 0.998696, 0, 1, 0, -0.998696, 0, 0.0510461, -17.0861, 0, -13.2259)

[node name="road133" parent="Map/Road" instance=ExtResource("4_qismf")]
transform = Transform3D(0.0510461, 0, 0.998696, 0, 1, 0, -0.998696, 0, 0.0510461, -17.6273, 0, -13.2259)

[node name="road134" parent="Map/Road" instance=ExtResource("4_qismf")]
transform = Transform3D(0.0510461, 0, 0.998696, 0, 1, 0, -0.998696, 0, 0.0510461, -18.2589, 0, -13.2259)

[node name="road51" parent="Map/Road" instance=ExtResource("4_qismf")]
transform = Transform3D(0.0510461, 0, 0.998696, 0, 1, 0, -0.998696, 0, 0.0510461, -18.8587, 0, 13.949)

[node name="road6" parent="Map/Road" instance=ExtResource("4_qismf")]
transform = Transform3D(1, 0, 0, 0, 1, 0, 0, 0, 1, -12, 0, -13.7663)

[node name="Walls" type="Node3D" parent="Map"]

[node name="brick-wall-end" parent="Map/Walls" instance=ExtResource("5_mqs4x")]
transform = Transform3D(-3, 0, -2.62268e-07, 0, 3, 0, 2.62268e-07, 0, -3, -6.38901, 0, -7.0039)

[node name="brick-wall-end2" parent="Map/Walls" instance=ExtResource("5_mqs4x")]
transform = Transform3D(3, 0, 0, 0, 3, 0, 0, 0, 3, -15.3527, 0, -4.5896)

[node name="brick-wall" parent="Map/Walls" instance=ExtResource("6_vait2")]
transform = Transform3D(3, 0, 0, 0, 3, 0, 0, 0, 3, -9.38428, 0, -4.55006)

[node name="brick-wall5" parent="Map/Walls" instance=ExtResource("6_vait2")]
transform = Transform3D(-0.0386457, 0, 3.0033, 0, 3, 0, -3.29975, 0, -0.0351738, -15.4245, 0, -4.01097)

[node name="brick-wall6" parent="Map/Walls" instance=ExtResource("6_vait2")]
transform = Transform3D(-0.0351327, 0, 2.99979, 0, 3, 0, -2.99979, 0, -0.0351327, -15.4245, 0, -1.00835)

[node name="brick-wall7" parent="Map/Walls" instance=ExtResource("6_vait2")]
transform = Transform3D(-0.0351327, 0, 2.99979, 0, 3, 0, -2.99979, 0, -0.0351327, -15.4245, 0, 1.82301)

[node name="brick-wall8" parent="Map/Walls" instance=ExtResource("6_vait2")]
transform = Transform3D(-0.0351327, 0, 2.99979, 0, 3, 0, -2.99979, 0, -0.0351327, -15.4245, 0, 3.81442)

[node name="brick-wall2" parent="Map/Walls" instance=ExtResource("6_vait2")]
transform = Transform3D(3, 0, 0, 0, 3, 0, 0, 0, 3, -12.3947, 0, -4.55006)

[node name="brick-wall-end3" parent="Map/Walls" instance=ExtResource("5_mqs4x")]
transform = Transform3D(-3, 0, -2.62268e-07, 0, 3, 0, 2.62268e-07, 0, -3, -6.389, 0, 4.16)

[node name="brick-wall-end4" parent="Map/Walls" instance=ExtResource("5_mqs4x")]
transform = Transform3D(3, 0, 0, 0, 3, 0, 0, 0, 3, -15.3527, 0, 6.6154)

[node name="brick-wall3" parent="Map/Walls" instance=ExtResource("6_vait2")]
transform = Transform3D(3, 0, 0, 0, 3, 0, 0, 0, 3, -9.384, 0, 6.618)

[node name="brick-wall4" parent="Map/Walls" instance=ExtResource("6_vait2")]
transform = Transform3D(3, 0, 0, 0, 3, 0, 0, 0, 3, -12.3947, 0, 6.6185)

[node name="pumpkinCarved" parent="Map/Walls" instance=ExtResource("6_meyah")]
transform = Transform3D(-0.573576, 0, -0.819152, 0, 1, 0, 0.819152, 0, -0.573576, -6.761, 0.27, -2)

[node name="pumpkinCarved2" parent="Map/Walls" instance=ExtResource("6_meyah")]
transform = Transform3D(0.5, 0, -0.866025, 0, 1, 0, 0.866025, 0, 0.5, -6.761, 0.27, -1.32354)

[node name="GraveRight" type="Node3D" parent="Map"]

[node name="iron-fence" parent="Map/GraveRight" instance=ExtResource("10_xg3te")]
transform = Transform3D(1, 0, 0, 0, 1, 0, 0, 0, 1, -11, 0, -14)

[node name="iron-fence2" parent="Map/GraveRight" instance=ExtResource("10_xg3te")]
transform = Transform3D(1, 0, 0, 0, 1, 0, 0, 0, 1, -10.0711, 0, -14)

[node name="iron-fence3" parent="Map/GraveRight" instance=ExtResource("10_xg3te")]
transform = Transform3D(1, 0, 0, 0, 1, 0, 0, 0, 1, -9.15355, 0, -14)

[node name="iron-fence4" parent="Map/GraveRight" instance=ExtResource("10_xg3te")]
transform = Transform3D(1, 0, 0, 0, 1, 0, 0, 0, 1, -8.22462, 0, -14)

[node name="iron-fence5" parent="Map/GraveRight" instance=ExtResource("10_xg3te")]
transform = Transform3D(1, 0, 0, 0, 1, 0, 0, 0, 1, -7.30052, 0, -14)

[node name="iron-fence6" parent="Map/GraveRight" instance=ExtResource("10_xg3te")]
transform = Transform3D(1, 0, 0, 0, 1, 0, 0, 0, 1, -6.37159, 0, -14)

[node name="iron-fence22" parent="Map/GraveRight" instance=ExtResource("10_xg3te")]
transform = Transform3D(1, 0, 0, 0, 1, 0, 0, 0, 1, -16.6268, 0, -22.7181)

[node name="iron-fence28" parent="Map/GraveRight" instance=ExtResource("10_xg3te")]
transform = Transform3D(1, 0, 0, 0, 1, 0, 0, 0, 1, -17.6444, 0, -22.7181)

[node name="iron-fence29" parent="Map/GraveRight" instance=ExtResource("10_xg3te")]
transform = Transform3D(0.107201, 0, 0.994237, 0, 1, 0, -0.994237, 0, 0.107201, -18.0928, 0, -20.8567)

[node name="iron-fence30" parent="Map/GraveRight" instance=ExtResource("10_xg3te")]
transform = Transform3D(0.107201, 0, 0.994237, 0, 1, 0, -0.994237, 0, 0.107201, -18.0928, 0, -21.8938)

[node name="iron-fence23" parent="Map/GraveRight" instance=ExtResource("10_xg3te")]
transform = Transform3D(1, 0, 0, 0, 1, 0, 0, 0, 1, -15.6979, 0, -22.7181)

[node name="iron-fence24" parent="Map/GraveRight" instance=ExtResource("10_xg3te")]
transform = Transform3D(1, 0, 0, 0, 1, 0, 0, 0, 1, -14.7804, 0, -22.7181)

[node name="iron-fence25" parent="Map/GraveRight" instance=ExtResource("10_xg3te")]
transform = Transform3D(1, 0, 0, 0, 1, 0, 0, 0, 1, -13.8514, 0, -22.7181)

[node name="iron-fence26" parent="Map/GraveRight" instance=ExtResource("10_xg3te")]
transform = Transform3D(1, 0, 0, 0, 1, 0, 0, 0, 1, -12.9274, 0, -22.7181)

[node name="iron-fence27" parent="Map/GraveRight" instance=ExtResource("10_xg3te")]
transform = Transform3D(1, 0, 0, 0, 1, 0, 0, 0, 1, -11.9984, 0, -22.7181)

[node name="iron-fence16" parent="Map/GraveRight" instance=ExtResource("10_xg3te")]
transform = Transform3D(1, 0, 0, 0, 1, 0, 0, 0, 1, -11, 0, -22.7304)

[node name="iron-fence17" parent="Map/GraveRight" instance=ExtResource("10_xg3te")]
transform = Transform3D(1, 0, 0, 0, 1, 0, 0, 0, 1, -10.0711, 0, -22.7304)

[node name="iron-fence18" parent="Map/GraveRight" instance=ExtResource("10_xg3te")]
transform = Transform3D(1, 0, 0, 0, 1, 0, 0, 0, 1, -9.15355, 0, -22.7304)

[node name="iron-fence19" parent="Map/GraveRight" instance=ExtResource("10_xg3te")]
transform = Transform3D(1, 0, 0, 0, 1, 0, 0, 0, 1, -8.22462, 0, -22.7304)

[node name="iron-fence20" parent="Map/GraveRight" instance=ExtResource("10_xg3te")]
transform = Transform3D(1, 0, 0, 0, 1, 0, 0, 0, 1, -7.30052, 0, -22.7304)

[node name="iron-fence21" parent="Map/GraveRight" instance=ExtResource("10_xg3te")]
transform = Transform3D(1, 0, 0, 0, 1, 0, 0, 0, 1, -6.37159, 0, -22.7304)

[node name="iron-fence10" parent="Map/GraveRight" instance=ExtResource("10_xg3te")]
transform = Transform3D(1, 0, 0, 0, 1, 0, 0, 0, 1, -17.6783, 0, -14)

[node name="iron-fence11" parent="Map/GraveRight" instance=ExtResource("10_xg3te")]
transform = Transform3D(1, 0, 0, 0, 1, 0, 0, 0, 1, -16.7493, 0, -14)

[node name="iron-fence12" parent="Map/GraveRight" instance=ExtResource("10_xg3te")]
transform = Transform3D(1, 0, 0, 0, 1, 0, 0, 0, 1, -15.8318, 0, -14)

[node name="iron-fence13" parent="Map/GraveRight" instance=ExtResource("10_xg3te")]
transform = Transform3D(1, 0, 0, 0, 1, 0, 0, 0, 1, -14.9029, 0, -14)

[node name="iron-fence14" parent="Map/GraveRight" instance=ExtResource("10_xg3te")]
transform = Transform3D(1, 0, 0, 0, 1, 0, 0, 0, 1, -13.9788, 0, -14)

[node name="iron-fence15" parent="Map/GraveRight" instance=ExtResource("10_xg3te")]
transform = Transform3D(1, 0, 0, 0, 1, 0, 0, 0, 1, -13.0499, 0, -14)

[node name="iron-fence7" parent="Map/GraveRight" instance=ExtResource("10_xg3te")]
transform = Transform3D(-4.37114e-08, 0, 1, 0, 1, 0, -1, 0, -4.37114e-08, -3.51968, 0, -14.914)

[node name="iron-fence8" parent="Map/GraveRight" instance=ExtResource("10_xg3te")]
transform = Transform3D(-4.37114e-08, 0, 1, 0, 1, 0, -1, 0, -4.37114e-08, -3.51968, 0, -15.9101)

[node name="iron-fence9" parent="Map/GraveRight" instance=ExtResource("10_xg3te")]
transform = Transform3D(-4.37114e-08, 0, 1, 0, 1, 0, -1, 0, -4.37114e-08, -3.51968, 0, -16.9158)

[node name="iron-fence-damaged2" parent="Map/GraveRight" instance=ExtResource("11_uls0b")]
transform = Transform3D(-1, -8.74228e-08, 3.82137e-15, 0, -4.37114e-08, -1, 8.74228e-08, -1, 4.37114e-08, -4.45198, -0.401578, -14.3685)

[node name="iron-fence-damaged" parent="Map/GraveRight" instance=ExtResource("11_uls0b")]
transform = Transform3D(1, 0, 0, 0, 1, 0, 0, 0, 1, -5.45232, 0, -13.9934)

[node name="iron-fence-damaged3" parent="Map/GraveRight" instance=ExtResource("11_uls0b")]
transform = Transform3D(-0.195039, -0.980796, 4.28719e-08, 0, -4.37114e-08, -1, 0.980796, -0.195039, 8.52542e-09, -3.55554, -0.401578, -17.8515)

[node name="iron-fence-damaged4" parent="Map/GraveRight" instance=ExtResource("11_uls0b")]
transform = Transform3D(-0.195039, -0.980796, 4.28719e-08, 0, -4.37114e-08, -1, 0.980796, -0.195039, 8.52542e-09, -3.55554, -0.401578, -18.8581)

[node name="iron-fence-damaged9" parent="Map/GraveRight" instance=ExtResource("11_uls0b")]
transform = Transform3D(-1, -8.74228e-08, 3.82137e-15, 0, -4.37114e-08, -1, 8.74228e-08, -1, 4.37114e-08, -18.7898, -0.401578, -15.4393)

[node name="iron-fence-damaged10" parent="Map/GraveRight" instance=ExtResource("11_uls0b")]
transform = Transform3D(-1, -8.74228e-08, 3.82137e-15, 0, -4.37114e-08, -1, 8.74228e-08, -1, 4.37114e-08, -18.7898, -0.401578, -16.611)

[node name="iron-fence-damaged11" parent="Map/GraveRight" instance=ExtResource("11_uls0b")]
transform = Transform3D(-1, -8.74228e-08, 3.82137e-15, 0, -4.37114e-08, -1, 8.74228e-08, -1, 4.37114e-08, -18.7898, -0.401578, -17.8865)

[node name="iron-fence-damaged12" parent="Map/GraveRight" instance=ExtResource("11_uls0b")]
transform = Transform3D(-1, -8.74228e-08, 3.82137e-15, 0, -4.37114e-08, -1, 8.74228e-08, -1, 4.37114e-08, -18.7898, -0.401578, -19.3265)

[node name="iron-fence-damaged13" parent="Map/GraveRight" instance=ExtResource("11_uls0b")]
transform = Transform3D(-1, -8.74228e-08, 3.82137e-15, 0, -4.37114e-08, -1, 8.74228e-08, -1, 4.37114e-08, -18.7898, -0.401578, -22.6223)

[node name="iron-fence-damaged5" parent="Map/GraveRight" instance=ExtResource("11_uls0b")]
transform = Transform3D(-0.195039, -0.980796, 4.28719e-08, 0, -4.37114e-08, -1, 0.980796, -0.195039, 8.52542e-09, -3.55554, -0.401578, -19.9573)

[node name="iron-fence-damaged6" parent="Map/GraveRight" instance=ExtResource("11_uls0b")]
transform = Transform3D(-0.195039, -0.980796, 4.28719e-08, 0, -4.37114e-08, -1, 0.980796, -0.195039, 8.52542e-09, -3.55554, -0.401578, -20.9666)

[node name="iron-fence-damaged7" parent="Map/GraveRight" instance=ExtResource("11_uls0b")]
transform = Transform3D(-0.195039, -0.980796, 4.28719e-08, 0, -4.37114e-08, -1, 0.980796, -0.195039, 8.52542e-09, -3.55554, -0.401578, -22.3547)

[node name="iron-fence-damaged8" parent="Map/GraveRight" instance=ExtResource("11_uls0b")]
transform = Transform3D(0.874806, -0.484474, 2.1177e-08, 0, -4.37114e-08, -1, 0.484474, 0.874806, -3.8239e-08, -4.65146, -0.401578, -23.6694)

[node name="grave" parent="Map/GraveRight" instance=ExtResource("7_yxuua")]
transform = Transform3D(2, 0, 0, 0, 2, 0, 0, 0, 2, -5.10939, 0, -16.6519)

[node name="grave2" parent="Map/GraveRight" instance=ExtResource("7_yxuua")]
transform = Transform3D(2, 0, 0, 0, 2, 0, 0, 0, 2, -8.0111, 0, -16.6519)

[node name="grave3" parent="Map/GraveRight" instance=ExtResource("7_yxuua")]
transform = Transform3D(2, 0, 0, 0, 2, 0, 0, 0, 2, -10.9425, 0, -16.6519)

[node name="grave4" parent="Map/GraveRight" instance=ExtResource("7_yxuua")]
transform = Transform3D(2, 0, 0, 0, 2, 0, 0, 0, 2, -13.4353, 0, -16.6519)

[node name="grave5" parent="Map/GraveRight" instance=ExtResource("7_yxuua")]
transform = Transform3D(2, 0, 0, 0, 2, 0, 0, 0, 2, -15.8292, 0, -16.6519)

[node name="grave6" parent="Map/GraveRight" instance=ExtResource("7_yxuua")]
transform = Transform3D(2, 0, 0, 0, 2, 0, 0, 0, 2, -17.7717, 0, -16.6519)

[node name="gravestone-bevel" parent="Map/GraveRight" instance=ExtResource("8_xsaud")]
transform = Transform3D(1.5, 0, 0, 0, 1.5, 0, 0, 0, 1.5, -5, 0, -18)

[node name="gravestone-bevel2" parent="Map/GraveRight" instance=ExtResource("8_xsaud")]
transform = Transform3D(1.5, 0, 0, 0, 1.5, 0, 0, 0, 1.5, -7.87544, 0, -18)

[node name="gravestone-bevel3" parent="Map/GraveRight" instance=ExtResource("8_xsaud")]
transform = Transform3D(1.5, 0, 0, 0, 1.5, 0, 0, 0, 1.5, -10.8161, 0, -18)

[node name="gravestone-bevel4" parent="Map/GraveRight" instance=ExtResource("8_xsaud")]
transform = Transform3D(1.5, 0, 0, 0, 1.5, 0, 0, 0, 1.5, -13.3049, 0, -18)

[node name="gravestone-bevel5" parent="Map/GraveRight" instance=ExtResource("8_xsaud")]
transform = Transform3D(1.5, 0, 0, 0, 1.5, 0, 0, 0, 1.5, -15.7304, 0, -18)

[node name="gravestone-bevel6" parent="Map/GraveRight" instance=ExtResource("8_xsaud")]
transform = Transform3D(1.5, 0, 0, 0, 1.5, 0, 0, 0, 1.5, -17.6661, 0, -18)

[node name="grave7" parent="Map/GraveRight" instance=ExtResource("7_yxuua")]
